268.6336024554614 348.6921928176028 237.17747292559102 176.72382067736612 152.74012889057576 
2159.584363410973 2140.2457793253925 2151.8629114617843 1557.742659325748 2042.2305924200741 
873.0618473212496 1346.3077866993972 611.8198548559376 177.10643657233453 523.9987696395085 
1801.0869286936738 1983.1824070129524 2256.706785844752 1333.4696798810762 2016.1299878833684 
273.3008831304052 185.25156823287264 330.66090574905115 1289.715045508044 114.62174372500576 
1150.6248466905442 1814.5114018603035 344.89455537149 1236.7017600310396 905.9572813372585 
2153.773283313625 2138.809317559853 2140.7145225431314 2121.939420580376 2029.2033421014296 
1875.664691169552 2102.055803053834 2106.4915814628657 2225.4145738876978 2057.666390405095 
0.0 0.0 0.0 0.0 0.0 
0.0 0.0 0.0 0.0 0.0 
1948.7340593255212 2092.7091741876916 1949.5970884039443 0.0 1916.3492572819932 
0.0 -30.13427896240559 0.0 -25.862868633277408 -81.39438243817683 
0.0 0.0 0.0 0.0 0.0 
0.0 -28.281804139185187 0.0 -24.518688578077224 -96.15109115050852 
2139.7373234505876 2136.7047143987197 2140.0614179865374 2152.098435841192 2051.1365505588237 
694.6009924729617 714.2555592934215 1925.3922783297903 558.9889983349495 1094.222882578636 
