46.754793250279405 177.69651917964583 120.93866874955532 133.5565933116765 29.44038589979175 
17.645467862205138 58.75257726193187 10.50163829442657 100.89092221965112 -32.97429927578726 
178.17292008185106 132.98421936190383 158.38971178660162 122.14325951598343 64.64058878739803 
161.15024441973503 16.68203968237998 198.60295426112566 49.224568633724786 67.4865466569708 
139.77264826292196 165.49652928399203 119.51663111657174 110.57539853529514 25.033500340092772 
32.710698245410676 28.35809995129773 90.75553810048919 24.494606190511206 -64.71020347663854 
15.964013507979498 18.306830647504935 14.89258043869373 12.56023867339564 -75.98708389094358 
38.11197065115497 12.463522536992613 41.375890128595934 22.65552971126272 -67.18320587140093 
0.0 0.7505877030076266 0.6595836998410297 1.1247405177551384 -96.51559418173646 
0.0 0.0 0.0 0.0 0.0 
0.0 0.0 0.0 0.0 0.0 
0.0 -0.7502517605194305 -0.9999996817775434 -0.9992159328397605 -100.79223279830816 
0.0 -18.924964390921687 12.966937968049908 -13.099755938631823 -86.4387006452347 
0.0 7.806088666035302 3.4235981359447702 17.016805105700737 -88.55374987662344 
0.0 -24.952442024392617 -12.992934946372646 -34.1037261196651 -114.03583806928262 
0.0 -0.3706954210211065 -1.0049843129472773 8.368414791985451 -98.30034179746667 
1.3244589853505992 0.0 -3.1675134040993562 17.953823577801675 -76.52281089757035 
1.1096408704332403 0.0 0.26130481431101366 1.3602962542243935 -95.61911653595692 
-0.9999999999999998 0.0 -0.9999999835925095 -0.9598280885268293 -100.05554669932849 
-0.5920774213046482 0.0 -0.9449490681162032 -1.9807242680485788 -100.03774909055645 
-19.109377785536275 0.0 -14.900928510222144 -12.123935666027993 -91.59332801529041 
9.472776526537533 0.0 74.05974367705957 10.358255690662826 -67.63685650146775 
61.96249461587426 0.0 5.7730486255661635 5.050858420802894 -101.22071526118066 
8.853448706224139 0.0 11.313266102295941 0.6044573701795943 -89.44060957278242 
-0.999899132204974 1.4639621963650704 0.0 0.27941836059627323 -97.13925281098369 
0.0 0.0 0.0 0.0 0.0 
-0.9999999999999998 -0.9999999985301653 0.0 -0.7818747444790839 -100.81586164434503 
-21.0 -3.5977534023039897 0.0 -21.0 -101.96138142935402 
3.571876170522413 -0.9794405465761535 0.0 0.04407221220403401 -98.52559180743802 
-9.665499904979278 -25.38417134724134 0.0 -19.543205013871688 -107.3501847702604 
38.50037467654091 7.666275685040371 0.0 6.423814445332319 -88.04090831506599 
-16.34770698189251 -30.000775847759346 0.0 -18.798110973904542 -112.73246784513641 
0.0 0.0 0.0 0.0 0.0 
-17.732329263980716 -17.020125739401777 -29.82637276296913 0.0 -113.68829460938363 
-1.0 -1.0 -1.0 0.0 -100.89999999994812 
0.0 0.0 0.0 0.0 0.0 
-0.9830549786210641 -0.9795490916766392 -0.985171920557697 0.0 -98.92624565604079 
0.12539808192066795 -0.23241028733552138 -0.1925572377908234 0.0 -97.22527428328056 
-4.735912641150161 -2.0058496677960536 -4.2912818376607085 0.0 -106.77844419548387 
11.21394145706114 18.576013501867763 12.92474440214523 0.0 -97.06966156545825 
0.0 0.0 0.0 0.0 0.0 
0.0 0.0 0.0 0.0 0.0 
0.0 0.0 -21.51034450865329 -21.0 -118.89999999999998 
0.0 0.0 -0.9999990961135663 9.984229266473493 -94.38508838335699 
0.0 0.0 -38.59032079357171 -41.0 -134.87876497830317 
0.0 0.0 -20.892337448755843 -20.76678501712245 -115.82989565744694 
0.0 0.0 61.54694863601806 -27.962069687167137 -111.38806204159707 
0.0 0.0 -1.1963835901779176 -1.5848701623307546 -100.03629908116301 
0.0 0.0 0.0 0.0 0.0 
0.0 0.0 0.0 0.0 0.0 
0.0 -41.2737832739306 0.0 -21.0 -118.89999994494492 
0.0 -47.77540075858472 0.0 -21.0 -118.89985918779492 
0.0 -14.63862648485422 0.0 -28.93367785426232 -116.83880191213328 
0.0 -37.34352761624615 0.0 -37.39743490082278 -126.55989432634618 
0.0 -32.3433666694352 0.0 -32.46943640585433 -126.55466876855454 
0.0 -22.18405178988675 0.0 -48.765355797937985 -129.2882136891496 
0.0 0.0 0.0 0.0 0.0 
0.0 0.0 0.0 0.0 0.0 
0.0 -21.0 -21.215831380545488 0.0 -118.89999999999998 
0.0 -1.9186543880169726 -0.9999999999999998 0.0 -100.89999999999995 
0.0 -21.0 -21.72914452035678 0.0 -118.68303248290607 
0.0 -1.6569814946731392 -0.8618361670204504 0.0 -100.17630891215003 
0.0 -41.0 -59.883919949976146 0.0 -136.89999999999995 
0.0 -12.195806106472622 -25.256035535578725 0.0 -104.93924819100363 
0.0 0.0 0.0 0.0 0.0 
0.0 0.0 0.0 0.0 0.0 
-0.9505510199712622 0.0 0.0 -0.4020480750896488 -101.12102704183991 
-14.843209166824009 0.0 0.0 -29.597875749217156 -112.1395973315062 
4.601271869251387 0.0 0.0 -1.035485375799969 -97.23277673757555 
-28.801425824015823 0.0 0.0 -40.999712468352755 -125.53788296990948 
14.032745650984769 0.0 0.0 3.0483295809395914 -102.24145261613185 
-22.469063846830885 0.0 0.0 -35.855020100016674 -119.88248292665583 
0.0 0.0 0.0 0.0 0.0 
0.0 0.0 0.0 0.0 0.0 
0.0 0.0 0.0 0.0 0.0 
0.0 0.0 0.0 0.0 0.0 
0.0 0.0 0.0 0.0 0.0 
0.0 0.0 0.0 0.0 0.0 
0.0 0.0 0.0 0.0 0.0 
0.0 0.0 0.0 0.0 0.0 
-0.9999857515072479 1.593152888162102 0.0 0.0 -98.6318783811445 
0.0 0.0 0.0 0.0 0.0 
-1.0 -1.8700212381024925 0.0 0.0 -100.89678465849298 
-20.999999999999993 -22.809393815278575 0.0 0.0 -118.89999999999992 
-0.7531832339245672 -1.179559385790219 0.0 0.0 -96.64094625167789 
-17.43892909762935 -20.999999999970697 0.0 0.0 -116.38037611419047 
0.0 0.0 0.0 0.0 0.0 
0.0 0.0 0.0 0.0 0.0 
0.0 0.0 0.0 0.0 0.0 
0.0 0.0 0.0 0.0 0.0 
0.0 0.0 0.0 -47.421233132219875 -145.15173960972382 
0.0 0.0 0.0 -66.70191291910508 -169.80896334456077 
0.0 0.0 0.0 0.0 0.0 
0.0 0.0 0.0 0.0 0.0 
0.0 0.0 0.0 -56.23836089075099 -156.68589358032804 
0.0 0.0 0.0 -54.853667055344324 -155.5937081166385 
0.0 0.0 0.0 0.0 0.0 
0.0 0.0 0.0 0.0 0.0 
0.0 0.0 0.0 0.0 0.0 
0.0 0.0 0.0 0.0 0.0 
0.0 0.0 0.0 0.0 0.0 
0.0 0.0 0.0 0.0 0.0 
0.0 0.0 0.0 0.0 0.0 
0.0 0.0 0.0 0.0 0.0 
0.0 0.0 0.0 0.0 0.0 
0.0 0.0 0.0 0.0 0.0 
0.0 -60.41061905804036 0.0 0.0 -150.5813393356134 
0.0 -52.688561571997944 0.0 0.0 -152.00246794576506 
0.0 -38.508180130149114 0.0 0.0 -133.7021298981036 
0.0 -49.10156632295264 0.0 0.0 -136.039733184555 
0.0 0.0 0.0 0.0 0.0 
0.0 0.0 0.0 0.0 0.0 
0.0 0.0 0.0 0.0 0.0 
0.0 0.0 0.0 0.0 0.0 
0.0 0.0 0.0 0.0 0.0 
0.0 0.0 0.0 0.0 0.0 
0.0 0.0 0.0 0.0 0.0 
0.0 0.0 0.0 0.0 0.0 
0.0 0.0 0.0 0.0 0.0 
0.0 0.0 0.0 0.0 0.0 
0.0 0.0 0.0 0.0 0.0 
0.0 0.0 0.0 0.0 0.0 
0.0 0.0 0.0 0.0 0.0 
0.0 0.0 0.0 0.0 0.0 
0.0 0.0 0.0 0.0 0.0 
0.0 0.0 0.0 0.0 0.0 
0.0 0.0 0.0 0.0 0.0 
0.0 0.0 0.0 0.0 0.0 
