0.0 0.0 0.0 0.0 0.0 
0.0 0.0 0.0 0.0 0.0 
36.04008108190803 -48.95995481812076 -39.86502780714706 -26.61112693216242 -129.1585679974635 
-25.82754681699072 -49.82178204611527 41.473941632760635 -30.185484206248365 -162.3934378528008 
-36.49815977281588 -35.235580774517175 -34.13605597523628 -38.086672103551265 -137.47487049678386 
-14.595203172114164 -23.3212588054231 -20.476229087760473 -21.663733376101828 -107.06895082900078 
-54.660349129313005 -56.37028643757657 -40.43435987608654 -23.204254333964123 -139.66410474049687 
-9.69124925874443 -34.17885122731022 -18.379257169930415 -38.61057806053232 -146.78006574755102 
0.0 0.0 0.0 0.0 0.0 
0.0 0.0 0.0 0.0 0.0 
0.0 0.0 0.0 0.0 0.0 
0.0 0.0 0.0 0.0 0.0 
0.0 0.0 0.0 0.0 0.0 
0.0 0.0 0.0 0.0 0.0 
0.0 0.0 0.0 0.0 0.0 
0.0 0.0 0.0 0.0 0.0 
0.0 0.0 0.0 0.0 0.0 
0.0 0.0 0.0 0.0 0.0 
0.0 0.0 0.0 0.0 0.0 
0.0 0.0 0.0 0.0 0.0 
0.0 0.0 0.0 0.0 0.0 
0.0 0.0 0.0 0.0 0.0 
0.0 0.0 0.0 0.0 0.0 
0.0 0.0 0.0 0.0 0.0 
0.0 0.0 0.0 0.0 0.0 
0.0 0.0 0.0 0.0 0.0 
0.0 0.0 0.0 0.0 0.0 
0.0 0.0 0.0 0.0 0.0 
0.0 0.0 0.0 0.0 0.0 
0.0 0.0 0.0 0.0 0.0 
0.0 0.0 0.0 0.0 0.0 
0.0 0.0 0.0 0.0 0.0 
-13.477394906218331 80.5646561487019 -24.134292185084643 0.8628520685797674 -83.88106720215598 
-44.65139416432964 -28.988995043273498 -47.0859889243783 -7.506307114557934 -123.69715050911573 
0.0 0.0 0.0 0.0 0.0 
0.0 0.0 0.0 0.0 0.0 
38.88373593294718 -34.55539163015108 -34.30423748240143 -31.75467869078025 -136.48233855048124 
-22.309896890745765 -21.868129561512163 -7.144271420382077 -38.12964563702874 -113.2257079176953 
-43.79980906238772 -45.68041761646923 -41.75394717566432 -32.158380329335166 -145.21557968336685 
-44.563682911674455 -43.311882589654836 -38.53166320962528 -52.257849473009365 -140.56397906937235 
0.0 0.0 0.0 0.0 0.0 
0.0 0.0 0.0 0.0 0.0 
0.0 0.0 0.0 0.0 0.0 
0.0 0.0 0.0 0.0 0.0 
0.0 0.0 0.0 0.0 0.0 
0.0 0.0 0.0 0.0 0.0 
0.0 0.0 0.0 0.0 0.0 
0.0 0.0 0.0 0.0 0.0 
0.0 0.0 0.0 0.0 0.0 
0.0 0.0 0.0 0.0 0.0 
0.0 0.0 0.0 0.0 0.0 
0.0 0.0 0.0 0.0 0.0 
0.0 0.0 0.0 0.0 0.0 
0.0 0.0 0.0 0.0 0.0 
0.0 0.0 0.0 0.0 0.0 
0.0 0.0 0.0 0.0 0.0 
0.0 0.0 0.0 0.0 0.0 
0.0 0.0 0.0 0.0 0.0 
0.0 0.0 0.0 0.0 0.0 
0.0 0.0 0.0 0.0 0.0 
0.0 0.0 0.0 0.0 0.0 
0.0 0.0 0.0 0.0 0.0 
0.0 0.0 0.0 0.0 0.0 
0.0 0.0 0.0 0.0 0.0 
0.0 0.0 0.0 0.0 0.0 
0.0 0.0 0.0 0.0 0.0 
0.0 0.0 0.0 0.0 0.0 
0.0 0.0 0.0 0.0 0.0 
0.0 0.0 0.0 0.0 0.0 
0.0 0.0 0.0 0.0 0.0 
0.0 0.0 0.0 0.0 0.0 
0.0 0.0 0.0 0.0 0.0 
0.0 0.0 0.0 0.0 0.0 
0.0 0.0 0.0 0.0 0.0 
0.0 0.0 0.0 0.0 0.0 
0.0 0.0 0.0 0.0 0.0 
-36.751762743632895 0.0 -47.81449580587394 -61.636818195745974 -143.11657776097948 
-9.326101768260395 0.0 -4.281871213894207 -6.442442518865843 -47.956974286092255 
-56.59858296977957 -62.78281980081593 -43.5157059289255 0.0 -151.79729296970035 
-10.892630899858409 -8.917041235138626 -16.288769725988054 0.0 -29.370734872959382 
0.0 0.0 0.0 0.0 0.0 
0.0 0.0 0.0 0.0 0.0 
0.0 0.0 0.0 0.0 0.0 
0.0 0.0 0.0 0.0 0.0 
0.0 0.0 0.0 0.0 0.0 
0.0 0.0 0.0 0.0 0.0 
0.0 0.0 0.0 0.0 0.0 
0.0 0.0 0.0 0.0 0.0 
0.0 0.0 0.0 0.0 0.0 
0.0 0.0 0.0 0.0 0.0 
0.0 0.0 0.0 0.0 0.0 
0.0 0.0 0.0 0.0 0.0 
0.0 0.0 0.0 0.0 0.0 
0.0 0.0 0.0 0.0 0.0 
6.58324243256876 39.395526149031426 87.39963907392956 0.0 -62.199692107498116 
0.0 0.0 0.0 0.0 0.0 
0.0 0.0 0.0 0.0 0.0 
0.0 0.0 0.0 0.0 0.0 
0.0 0.0 0.0 0.0 0.0 
0.0 0.0 0.0 0.0 0.0 
0.0 0.0 0.0 0.0 0.0 
0.0 0.0 0.0 0.0 0.0 
0.0 0.0 0.0 0.0 0.0 
0.0 0.0 0.0 0.0 0.0 
-46.03693907187147 0.0 -26.706484078820925 -52.61059518926179 -142.271795013443 
-32.29767529674138 -78.71091172599316 -43.11481444918154 0.0 -140.1156091155527 
0.0 0.0 0.0 0.0 0.0 
0.0 0.0 0.0 0.0 0.0 
-52.60640381377488 0.0 -42.49133949667616 -34.00296082212345 -138.3598807231765 
-36.87274983502762 0.0 -23.69530050375927 -49.62651389362705 -139.27324660209217 
-56.532869361731 -58.1917786462771 -50.53319640379323 0.0 -147.58644307609165 
-36.7069009127773 -59.0838054652003 -60.59063170386699 0.0 -152.10289543280777 
0.0 0.0 0.0 0.0 0.0 
0.0 0.0 0.0 0.0 0.0 
0.0 0.0 0.0 0.0 0.0 
0.0 0.0 0.0 0.0 0.0 
0.0 0.0 0.0 0.0 0.0 
0.0 0.0 0.0 0.0 0.0 
0.0 0.0 0.0 0.0 0.0 
0.0 0.0 0.0 0.0 0.0 
0.0 0.0 0.0 0.0 0.0 
0.0 0.0 0.0 0.0 0.0 
0.0 0.0 0.0 0.0 0.0 
0.0 0.0 0.0 0.0 0.0 
-27.052241375951834 0.0 44.8629947438094 0.0 -85.52336823290176 
0.0 0.0 0.0 0.0 0.0 
25.91135141221725 -65.09908428895164 -27.251997603517772 0.0 -115.96473647282737 
0.0 0.0 0.0 0.0 0.0 
0.0 0.0 0.0 0.0 0.0 
0.0 0.0 0.0 0.0 0.0 
0.0 0.0 0.0 0.0 0.0 
0.0 0.0 0.0 0.0 0.0 
0.0 0.0 0.0 0.0 0.0 
0.0 0.0 0.0 0.0 0.0 
0.0 0.0 0.0 0.0 0.0 
0.0 0.0 0.0 0.0 0.0 
0.0 0.0 0.0 0.0 0.0 
0.0 0.0 0.0 0.0 0.0 
0.0 0.0 0.0 0.0 0.0 
0.0 0.0 0.0 0.0 0.0 
0.0 0.0 0.0 0.0 0.0 
0.0 0.0 0.0 0.0 0.0 
0.0 0.0 0.0 0.0 0.0 
0.0 0.0 0.0 0.0 0.0 
0.0 0.0 0.0 0.0 0.0 
0.0 0.0 0.0 0.0 0.0 
0.0 -73.93464125863265 -52.51315567932917 -58.1272231838981 -179.22206296903596 
-73.60285852589229 -40.37609564292345 0.0 -93.67626897632702 -175.63274497181777 
0.0 -37.326793498414965 -8.162182928272934 -24.63605585788076 -155.91608848761408 
0.0 -0.6150493537187565 0.0 -8.487509799804688 -42.24609 
0.0 -55.038748018108876 -55.768800530325194 -52.761965978504506 -146.13178705263488 
0.0 -55.26111697089249 0.0 -44.074335107676895 -154.41341634844548 
0.0 0.0 0.0 0.0 0.0 
0.0 0.0 0.0 0.0 0.0 
0.0 0.0 0.0 0.0 0.0 
0.0 0.0 0.0 0.0 0.0 
0.0 -78.81915490814963 -46.87091173234057 6.616387795397211 -126.41922686001115 
0.0 -63.575456228207 0.0 -48.58116733116198 -150.3850215546148 
0.0 -46.31995532664713 -81.36901012508376 -72.58710340460337 -172.1551201926129 
-42.67976248003123 -8.065903088028602 0.0 -88.49940411013509 -154.74602052558413 
0.0 0.0 0.0 0.0 0.0 
0.0 0.0 0.0 0.0 0.0 
0.0 0.0 0.0 0.0 0.0 
0.0 0.0 0.0 0.0 0.0 
0.0 0.0 0.0 0.0 0.0 
0.0 0.0 0.0 0.0 0.0 
0.0 0.0 0.0 0.0 0.0 
0.0 0.0 0.0 0.0 0.0 
0.0 0.0 0.0 0.0 0.0 
0.0 0.0 0.0 0.0 0.0 
0.0 0.0 0.0 0.0 0.0 
0.0 0.0 0.0 0.0 0.0 
0.0 0.0 0.0 0.0 0.0 
0.0 0.0 0.0 0.0 0.0 
0.0 0.0 0.0 0.0 0.0 
0.0 0.0 0.0 0.0 0.0 
0.0 0.0 0.0 0.0 0.0 
0.0 0.0 0.0 0.0 0.0 
0.0 0.0 0.0 0.0 0.0 
0.0 0.0 0.0 0.0 0.0 
0.0 -77.59012692448366 -42.95606802190285 -44.41833312702607 -153.6672564870391 
0.0 -30.194986627916006 0.0 -37.30081830728126 -70.29255196259732 
0.0 -62.80215832506178 -38.33891234250769 -62.23432884678743 -160.26901161779367 
0.0 -98.98535918917032 0.0 -75.60524808809603 -183.5000685506143 
0.0 0.0 0.0 0.0 0.0 
0.0 0.0 0.0 0.0 0.0 
0.0 0.0 0.0 0.0 0.0 
0.0 0.0 0.0 0.0 0.0 
0.0 -48.24591544804334 -38.90514181546786 -4.839265778152369 -117.70746097572271 
-25.354491679446177 -61.30294611060352 0.0 -8.07018718276755 -138.24385254872942 
0.0 79.05700936811195 -54.55685027166218 -57.8655726197172 -157.97906068503673 
44.69197382457123 0.517125744182391 0.0 -20.243389381293923 -72.31852163476249 
0.0 0.0 0.0 0.0 0.0 
0.0 0.0 0.0 0.0 0.0 
0.0 0.0 0.0 0.0 0.0 
0.0 0.0 0.0 0.0 0.0 
0.0 0.0 0.0 0.0 0.0 
0.0 0.0 0.0 0.0 0.0 
0.0 0.0 0.0 0.0 0.0 
0.0 0.0 0.0 0.0 0.0 
0.0 0.0 0.0 0.0 0.0 
0.0 0.0 0.0 0.0 0.0 
0.0 0.0 0.0 0.0 0.0 
0.0 0.0 0.0 0.0 0.0 
0.0 0.0 0.0 0.0 0.0 
0.0 0.0 0.0 0.0 0.0 
0.0 0.0 0.0 0.0 0.0 
0.0 0.0 0.0 0.0 0.0 
0.0 0.0 0.0 0.0 0.0 
0.0 0.0 0.0 0.0 0.0 
0.0 0.0 0.0 0.0 0.0 
0.0 0.0 0.0 0.0 0.0 
0.0 0.0 0.0 0.0 0.0 
0.0 0.0 0.0 0.0 0.0 
0.0 0.0 0.0 0.0 0.0 
0.0 0.0 0.0 0.0 0.0 
0.0 0.0 0.0 0.0 0.0 
0.0 0.0 0.0 0.0 0.0 
0.0 0.0 0.0 0.0 0.0 
0.0 0.0 0.0 0.0 0.0 
0.0 0.0 0.0 0.0 0.0 
0.0 0.0 0.0 0.0 0.0 
0.0 0.0 0.0 0.0 0.0 
0.0 0.0 0.0 0.0 0.0 
0.0 0.0 0.0 0.0 0.0 
0.0 0.0 0.0 0.0 0.0 
0.0 0.0 0.0 0.0 0.0 
0.0 0.0 0.0 0.0 0.0 
0.0 0.0 0.0 0.0 0.0 
0.0 0.0 0.0 0.0 0.0 
0.0 0.0 0.0 0.0 0.0 
0.0 0.0 0.0 0.0 0.0 
0.0 0.0 0.0 0.0 0.0 
0.0 0.0 0.0 0.0 0.0 
0.0 0.0 0.0 0.0 0.0 
0.0 0.0 0.0 0.0 0.0 
0.0 0.0 0.0 0.0 0.0 
0.0 0.0 0.0 0.0 0.0 
0.0 0.0 0.0 0.0 0.0 
0.0 0.0 0.0 0.0 0.0 
0.0 0.0 0.0 0.0 0.0 
0.0 0.0 0.0 0.0 0.0 
0.0 0.0 0.0 0.0 0.0 
0.0 0.0 0.0 0.0 0.0 
0.0 0.0 0.0 0.0 0.0 
0.0 0.0 0.0 0.0 0.0 
0.0 0.0 0.0 0.0 0.0 
0.0 0.0 0.0 0.0 0.0 
0.0 0.0 0.0 0.0 0.0 
0.0 0.0 0.0 0.0 0.0 
0.0 0.0 0.0 0.0 0.0 
0.0 0.0 0.0 0.0 0.0 
0.0 0.0 -25.733436636201493 -21.424261179976202 -113.32382066231155 
-5.981821995103429 0.0 0.0 -13.323196682487751 -40.83702286521102 
0.0 61.5731001868256 -24.813741953082356 0.0 -82.07980002364857 
0.0 0.0 0.0 0.0 0.0 
0.0 0.0 0.0 0.0 0.0 
0.0 0.0 0.0 0.0 0.0 
-3.323064213745423 18.688931560982933 52.45138919282629 68.7182870104704 -149.05427619900078 
14.383034441130128 -28.99794419647957 -19.522505353132146 30.053839735866436 -166.16625196817148 
1.2641790931101653 12.000850586707253 34.66260106387485 18.41771013145847 -134.7793225944509 
47.13046675279263 35.325829177468286 25.214051346424085 23.923523188894148 -108.95839929821915 
17.861261645221465 10.09328619015202 -5.18323026921749 -16.991325230522808 -140.70603110211997 
41.81194989362345 5.678024467916498 -8.175502784263255 -2.7571518071775905 -148.19224577682758 
0.0 0.0 0.0 0.0 0.0 
0.0 0.0 0.0 0.0 0.0 
0.0 0.0 0.0 0.0 0.0 
0.0 0.0 0.0 0.0 0.0 
0.0 0.0 0.0 0.0 0.0 
0.0 0.0 0.0 0.0 0.0 
0.0 0.0 0.0 0.0 0.0 
0.0 0.0 0.0 0.0 0.0 
0.0 0.0 0.0 0.0 0.0 
0.0 0.0 0.0 0.0 0.0 
0.0 0.0 0.0 0.0 0.0 
0.0 0.0 0.0 0.0 0.0 
0.0 0.0 0.0 0.0 0.0 
0.0 0.0 0.0 0.0 0.0 
0.0 0.0 0.0 0.0 0.0 
0.0 0.0 0.0 0.0 0.0 
0.0 0.0 0.0 0.0 0.0 
0.0 0.0 0.0 0.0 0.0 
0.0 0.0 0.0 0.0 0.0 
0.0 0.0 0.0 0.0 0.0 
0.0 0.0 0.0 0.0 0.0 
0.0 0.0 0.0 0.0 0.0 
0.0 0.0 0.0 0.0 0.0 
0.0 0.0 0.0 0.0 0.0 
34.027154990563055 115.56215020840745 32.376421944857896 42.78271513355877 -88.98646692747145 
14.75473695571305 23.406530228423524 14.683118588921229 32.4966363624647 -128.71559468444147 
0.0 0.0 0.0 0.0 0.0 
0.0 0.0 0.0 0.0 0.0 
-12.826237641975624 21.83611533965234 -7.8309162367829845 -6.7566283579086965 -149.092960239046 
21.971069379324792 15.912529669382696 66.69434110055559 11.526458214211573 -117.69569387942323 
34.90095315606063 1.4921447949939828 3.2913592806734773 -8.481813288765707 -144.92396529034298 
-0.5584242467794236 29.93116442537651 -0.7715276059094269 9.01749267067655 -143.3016907520105 
0.0 0.0 0.0 0.0 0.0 
0.0 0.0 0.0 0.0 0.0 
0.0 0.0 0.0 0.0 0.0 
0.0 0.0 0.0 0.0 0.0 
0.0 0.0 0.0 0.0 0.0 
0.0 0.0 0.0 0.0 0.0 
0.0 0.0 0.0 0.0 0.0 
0.0 0.0 0.0 0.0 0.0 
0.0 0.0 0.0 0.0 0.0 
0.0 0.0 0.0 0.0 0.0 
0.0 0.0 0.0 0.0 0.0 
0.0 0.0 0.0 0.0 0.0 
0.0 0.0 0.0 0.0 0.0 
0.0 0.0 0.0 0.0 0.0 
0.0 0.0 0.0 0.0 0.0 
0.0 0.0 0.0 0.0 0.0 
0.0 0.0 0.0 0.0 0.0 
0.0 0.0 0.0 0.0 0.0 
0.0 0.0 0.0 0.0 0.0 
0.0 0.0 0.0 0.0 0.0 
0.0 0.0 0.0 0.0 0.0 
0.0 0.0 0.0 0.0 0.0 
0.0 0.0 0.0 0.0 0.0 
0.0 0.0 0.0 0.0 0.0 
0.0 0.0 0.0 0.0 0.0 
0.0 0.0 0.0 0.0 0.0 
0.0 0.0 0.0 0.0 0.0 
0.0 0.0 0.0 0.0 0.0 
0.0 0.0 0.0 0.0 0.0 
0.0 0.0 0.0 0.0 0.0 
0.0 0.0 0.0 0.0 0.0 
0.0 0.0 0.0 0.0 0.0 
0.0 0.0 0.0 0.0 0.0 
0.0 0.0 0.0 0.0 0.0 
0.0 0.0 0.0 0.0 0.0 
0.0 0.0 0.0 0.0 0.0 
5.041492396533257 0.0 -8.995384097527618 -1.1861494877907042 -144.1520187879388 
38.02986909495255 0.0 -0.33855213391341366 7.161165115601321 -36.72301011501712 
-11.088038046993141 -8.08724139595228 -11.945482020832559 0.0 -152.1457730329394 
3.0145719293177304 5.164025421206598 15.801625592588637 0.0 -29.23111048676119 
0.0 0.0 0.0 0.0 0.0 
0.0 0.0 0.0 0.0 0.0 
0.0 0.0 0.0 0.0 0.0 
0.0 0.0 0.0 0.0 0.0 
0.0 0.0 0.0 0.0 0.0 
0.0 0.0 0.0 0.0 0.0 
0.0 0.0 0.0 0.0 0.0 
0.0 0.0 0.0 0.0 0.0 
0.0 0.0 0.0 0.0 0.0 
0.0 0.0 0.0 0.0 0.0 
0.0 0.0 0.0 0.0 0.0 
0.0 0.0 0.0 0.0 0.0 
0.0 0.0 0.0 0.0 0.0 
0.0 0.0 0.0 0.0 0.0 
32.63374410279087 97.53827557845679 134.03229378994982 0.0 -84.34639058528519 
0.0 0.0 0.0 0.0 0.0 
0.0 0.0 0.0 0.0 0.0 
0.0 0.0 0.0 0.0 0.0 
0.0 0.0 0.0 0.0 0.0 
0.0 0.0 0.0 0.0 0.0 
0.0 0.0 0.0 0.0 0.0 
0.0 0.0 0.0 0.0 0.0 
0.0 0.0 0.0 0.0 0.0 
0.0 0.0 0.0 0.0 0.0 
0.07965775963582544 0.0 30.32692622066952 -1.5709496465694857 -139.43899560531057 
-0.799881865722085 -25.405677335479513 -4.214499421094775 0.0 -143.90969140007522 
0.0 0.0 0.0 0.0 0.0 
0.0 0.0 0.0 0.0 0.0 
9.056003330310908 0.0 6.063927796487201 30.70766008802144 -137.81743009241129 
3.859486352179537 0.0 17.65099569941722 -2.9810007167768253 -144.01706599368103 
-9.089566699183042 -4.990594832711556 -8.164363802846246 0.0 -148.3363903685229 
-15.18049531416907 18.7792609886804 -10.945829026551227 0.0 -153.28824800521923 
0.0 0.0 0.0 0.0 0.0 
0.0 0.0 0.0 0.0 0.0 
0.0 0.0 0.0 0.0 0.0 
0.0 0.0 0.0 0.0 0.0 
0.0 0.0 0.0 0.0 0.0 
0.0 0.0 0.0 0.0 0.0 
0.0 0.0 0.0 0.0 0.0 
0.0 0.0 0.0 0.0 0.0 
0.0 0.0 0.0 0.0 0.0 
0.0 0.0 0.0 0.0 0.0 
0.0 0.0 0.0 0.0 0.0 
0.0 0.0 0.0 0.0 0.0 
10.750785402165087 0.0 90.55904980785506 0.0 -88.01183905676835 
0.0 0.0 0.0 0.0 0.0 
39.021208443096214 -9.545950069239261 33.379185000765986 0.0 -118.26064684226188 
0.0 0.0 0.0 0.0 0.0 
0.0 0.0 0.0 0.0 0.0 
0.0 0.0 0.0 0.0 0.0 
0.0 0.0 0.0 0.0 0.0 
0.0 0.0 0.0 0.0 0.0 
0.0 0.0 0.0 0.0 0.0 
0.0 0.0 0.0 0.0 0.0 
0.0 0.0 0.0 0.0 0.0 
0.0 0.0 0.0 0.0 0.0 
0.0 0.0 0.0 0.0 0.0 
0.0 0.0 0.0 0.0 0.0 
0.0 0.0 0.0 0.0 0.0 
0.0 0.0 0.0 0.0 0.0 
0.0 0.0 0.0 0.0 0.0 
0.0 0.0 0.0 0.0 0.0 
0.0 0.0 0.0 0.0 0.0 
0.0 0.0 0.0 0.0 0.0 
0.0 0.0 0.0 0.0 0.0 
0.0 0.0 0.0 0.0 0.0 
0.0 -34.741092190192504 -27.12079109714242 -39.564154734165214 -176.2065021703037 
-34.578238561279925 -80.61386771590068 0.0 -39.286784299834146 -190.92399341829102 
0.0 2.5213829901186293 -0.2834624887321354 -9.293265420656542 -156.4561264047643 
0.0 6.6289727381923225 0.0 -14.689778422244354 -88.94872243977224 
0.0 -14.355808184021502 -2.8540859091145956 -5.058743242062958 -149.63941796499222 
0.0 -1.0075735469525635 0.0 -28.779344407666052 -162.08630312371656 
0.0 0.0 0.0 0.0 0.0 
0.0 0.0 0.0 0.0 0.0 
0.0 0.0 0.0 0.0 0.0 
0.0 0.0 0.0 0.0 0.0 
0.0 -71.91641787411554 -14.46166592016643 37.40736432477653 -122.63918073462696 
0.0 -20.690881956363203 0.0 23.670464918510532 -148.65193743301887 
0.0 2.241032121006435 -38.483354600462086 -33.36229790370365 -172.95743391410892 
7.963465052710093 9.13946001728118 0.0 -51.04407474861933 -152.43378300918502 
0.0 0.0 0.0 0.0 0.0 
0.0 0.0 0.0 0.0 0.0 
0.0 0.0 0.0 0.0 0.0 
0.0 0.0 0.0 0.0 0.0 
0.0 0.0 0.0 0.0 0.0 
0.0 0.0 0.0 0.0 0.0 
0.0 0.0 0.0 0.0 0.0 
0.0 0.0 0.0 0.0 0.0 
0.0 0.0 0.0 0.0 0.0 
0.0 0.0 0.0 0.0 0.0 
0.0 0.0 0.0 0.0 0.0 
0.0 0.0 0.0 0.0 0.0 
0.0 0.0 0.0 0.0 0.0 
0.0 0.0 0.0 0.0 0.0 
0.0 0.0 0.0 0.0 0.0 
0.0 0.0 0.0 0.0 0.0 
0.0 0.0 0.0 0.0 0.0 
0.0 0.0 0.0 0.0 0.0 
0.0 0.0 0.0 0.0 0.0 
0.0 0.0 0.0 0.0 0.0 
0.0 8.945475219449682 -9.934481759858038 -13.774465959912543 -166.09447261498224 
0.0 -15.024758651878228 0.0 -22.773863249635443 -129.60940423503473 
0.0 -35.84914592970379 -18.552764276734507 -4.716284048123014 -175.96408518895592 
0.0 -50.95019533451036 0.0 -32.15247716497949 -191.55474162502722 
0.0 0.0 0.0 0.0 0.0 
0.0 0.0 0.0 0.0 0.0 
0.0 0.0 0.0 0.0 0.0 
0.0 0.0 0.0 0.0 0.0 
0.0 -18.29057067684897 -19.5098688697688 49.267692603084846 -120.31878433523079 
3.1278412766327106 -2.277824778684869 0.0 11.121807442560455 -137.15977847458907 
0.0 125.28975146474976 -24.90628881941846 -22.87837151206092 -165.09641555491433 
89.29157960352632 33.23873780195699 0.0 26.605373337808118 -94.09197684514577 
0.0 0.0 0.0 0.0 0.0 
0.0 0.0 0.0 0.0 0.0 
0.0 0.0 0.0 0.0 0.0 
0.0 0.0 0.0 0.0 0.0 
0.0 0.0 0.0 0.0 0.0 
0.0 0.0 0.0 0.0 0.0 
0.0 0.0 0.0 0.0 0.0 
0.0 0.0 0.0 0.0 0.0 
0.0 0.0 0.0 0.0 0.0 
0.0 0.0 0.0 0.0 0.0 
0.0 0.0 0.0 0.0 0.0 
0.0 0.0 0.0 0.0 0.0 
0.0 0.0 0.0 0.0 0.0 
0.0 0.0 0.0 0.0 0.0 
0.0 0.0 0.0 0.0 0.0 
0.0 0.0 0.0 0.0 0.0 
0.0 0.0 0.0 0.0 0.0 
0.0 0.0 0.0 0.0 0.0 
0.0 0.0 0.0 0.0 0.0 
0.0 0.0 0.0 0.0 0.0 
0.0 0.0 0.0 0.0 0.0 
0.0 0.0 0.0 0.0 0.0 
0.0 0.0 0.0 0.0 0.0 
0.0 0.0 0.0 0.0 0.0 
0.0 0.0 0.0 0.0 0.0 
0.0 0.0 0.0 0.0 0.0 
0.0 0.0 0.0 0.0 0.0 
0.0 0.0 0.0 0.0 0.0 
0.0 0.0 0.0 0.0 0.0 
0.0 0.0 0.0 0.0 0.0 
0.0 0.0 0.0 0.0 0.0 
0.0 0.0 0.0 0.0 0.0 
0.0 0.0 0.0 0.0 0.0 
0.0 0.0 0.0 0.0 0.0 
0.0 0.0 0.0 0.0 0.0 
0.0 0.0 0.0 0.0 0.0 
0.0 0.0 0.0 0.0 0.0 
0.0 0.0 0.0 0.0 0.0 
0.0 0.0 0.0 0.0 0.0 
0.0 0.0 0.0 0.0 0.0 
0.0 0.0 0.0 0.0 0.0 
0.0 0.0 0.0 0.0 0.0 
0.0 0.0 0.0 0.0 0.0 
0.0 0.0 0.0 0.0 0.0 
0.0 0.0 0.0 0.0 0.0 
0.0 0.0 0.0 0.0 0.0 
0.0 0.0 0.0 0.0 0.0 
0.0 0.0 0.0 0.0 0.0 
0.0 0.0 0.0 0.0 0.0 
0.0 0.0 0.0 0.0 0.0 
0.0 0.0 0.0 0.0 0.0 
0.0 0.0 0.0 0.0 0.0 
0.0 0.0 0.0 0.0 0.0 
0.0 0.0 0.0 0.0 0.0 
0.0 0.0 0.0 0.0 0.0 
0.0 0.0 0.0 0.0 0.0 
0.0 0.0 0.0 0.0 0.0 
0.0 0.0 0.0 0.0 0.0 
0.0 0.0 0.0 0.0 0.0 
0.0 0.0 0.0 0.0 0.0 
0.0 0.0 19.882440065759354 26.514024476870617 -104.69896220161688 
28.085386081705398 0.0 0.0 7.289748178861604 -85.50993388332928 
0.0 89.97649298191158 24.1954789040509 0.0 -81.82351395794547 
0.0 0.0 0.0 0.0 0.0 
